temp
89.0 51.17677638512565 71.41128734207481
114.0 51.150295369922425 71.42704255556711
112.0 51.17150591615157 71.42694273940698
119.0 51.15883014157789 71.49100781218098
101.0 51.192397104277774 71.40360538255582
96.0 51.19463452824039 71.4298876772938
98.0 51.163798174304304 71.41131662913381
97.0 51.16446309392963 71.44585411139013
14.0 51.11984467349858 71.4393502506774
85.0 51.15900615355994 71.42639896165028
85.0 51.15268450810287 71.48233051114009
91.0 51.15112091604562 71.50248441138956
109.0 51.17460313493397 71.40420359789712
74.0 51.16843966657305 71.42359139615563
121.0 51.1725124089669 71.43369823676751
113.0 51.17980773330543 71.40950722141709
114.0 51.17248330280725 71.46879006099793
88.0 51.15008674005568 71.42703182673162
118.0 51.16448760232304 71.43941209119994
100.0 51.15467882700513 71.48756414100698
79.0 51.18136100901887 71.48081146710064
118.0 51.16448760232304 71.43941209119994
150.0 51.185781817383074 71.40962554658664
85.0 51.159083997354735 71.4313735555675
90.0 51.18136100901887 71.48081146710064
90.0 51.16233719502284 71.45185023290377
96.0 51.15668911036279 71.43732504234015
108.0 51.16769453542866 71.46204209789683
111.0 51.17787317222794 71.4561620883381
88.0 51.17000706763897 71.43724045556804
89.0 51.16529864480022 71.46332621776386
88.0 51.137625743729686 71.4709248997442
89.0 51.15972118051799 71.43126546906096
92.0 51.137625743729686 71.4709248997442
161.0 51.18467212920428 71.41983729789756
105.0 51.166500132117775 71.43090749789681
90.0 51.16725000076714 71.45830314001513
86.0 51.166500132117775 71.43090749789681
88.0 51.16588915142165 71.44803457428783
92.0 51.166500132117775 71.43090749789681
86.0 51.166500132117775 71.43090749789681
99.0 51.166500132117775 71.43090749789681
148.0 51.15471226650189 71.47025125556735
101.0 51.151339743167725 71.48040926675293
122.0 51.20212574448447 71.40754388848525
89.0 51.19043426571469 71.40913762488474
89.0 51.14940564224069 71.46476449789603
102.0 51.15390441483862 71.44992563933121
99.0 51.1795873349006 71.47000638297558
89.0 51.15583527594687 71.4427727976683
87.0 51.18429272718604 71.37544890895826
91.0 51.13765260570817 71.47081759617676
141.0 51.15580279251852 71.44844064022533
87.0 51.20674428883614 71.39773397091164
81.0 51.17084499387199 71.43452835756578
95.0 51.14844156643103 71.477664740225
97.0 51.19058711598096 71.39667537055932
122.0 51.17420353615798 71.41963034022604
91.0 51.13765260570817 71.47081759617676
81.0 51.12565588561109 71.42435665371744
87.0 51.13765260570817 71.47081759617676
102.0 51.1622995099434 71.49402215794835
100.0 51.16430786646974 71.43779395556777
100.0 51.16430786646974 71.43779395556777
144.0 51.105897480383966 71.4351287107595
1100.0 51.169460421418535 71.40590646728732
95.0 51.16286087960205 71.42418461730932
116.0 51.16767661898579 71.40788165953431
87.0 51.157940343746326 71.47925077090956
98.0 51.18397123057993 71.37581432331011
540.0 51.15282420164045 71.42549361323827
95.0 51.14099393660863 71.4862386837882
238.0 51.18180966366719 71.42702219420015
128.0 51.165588439044896 71.40552170046382
97.0 51.16296945503151 71.42422172673218
141.0 51.17494118076962 71.44686571063211
70.0 51.165588439044896 71.40552170046382
62.0 42.31006089818006 69.58357354171669
93.0 51.14816553543093 71.47683185014739
109.0 51.14632512048783 71.45316947928333
98.0 51.17054555260274 71.43734057239101
96.0 51.194283242418045 71.42953742118769
103.0 51.17556273199433 71.42269678440374
82.0 51.1602434534905 71.40795283808508
135.0 51.14135868105726 71.42442150022778
98.0 51.15270650514565 71.50029525225428
100.0 51.201333786405804 71.48486233886746
97.0 51.17168899787036 71.42051414641179
82.0 51.15403809792304 71.49903545556728
215.0 51.18158662962386 71.41465751072259
94.0 51.18158662962386 71.41465751072259
104.0 51.14803987248526 71.45227940156093
104.0 51.13468653445658 71.43035899789544
98.0 51.17981596757624 71.48601681323947
259.0 51.15407969730091 71.4866992248832
102.0 51.18259948400385 71.37596508255544
78.0 51.14444579867646 71.416946156514
100.0 51.16882366184058 71.44709817091
95.0 51.106696985002 71.43416265719624
110.0 51.17899235057662 71.43547315556839
91.0 51.15710596654522 71.4434957555675
74.0 51.17005218245196 71.3949401287316
85.0 51.15205380362014 71.460858718168
91.0 51.17005218245196 71.3949401287316
104.0 51.163696484207016 71.43889805556772
475.0 51.15656974347559 71.45568962210953
98.0 51.13936880082709 71.47825178255354
328.0 51.14868261744877 71.46255212774842
100.0 51.18741349568764 71.3811324402267
91.0 51.15867148373291 71.49763239789647
95.0 51.15385173953078 71.44560485556731
100.0 51.14472211836187 71.47481028440241
114.0 51.17232294191884 71.46423282488395
87.0 51.16521894715717 71.40585222488366
130.0 51.13965827957638 71.41847046906011
137.0 51.133807968261344 71.4687263690599
75.0 51.14211934192426 71.41788852673133
106.0 51.14211934192426 71.41788852673133
125.0 51.14211934192426 71.41788852673133
90.0 51.14211934192426 71.41788852673133
111.0 51.15447056769788 71.48454046906073
96.0 51.15925306560609 71.45648979789654
82.0 51.16521894715717 71.40585222488366
108.0 51.18134684547194 71.4035723272171
98.0 51.08198090758461 71.37771911282647
97.0 51.08198090758461 71.37771911282647
89.0 51.16564703343403 71.44806431266842
118.0 51.164386691222 71.43938665842933
96.0 51.16259704419006 71.42519168106216
120.0 51.158064083014025 71.42878432953931
161.0 51.16108087448363 71.4045541393338
88.0 51.15413172669598 71.49174706906076
155.0 51.14546992929775 71.46424878789271
100.0 51.16866893418423 71.44702306906136
87.0 51.16468857958021 71.4345126267323
103.0 51.16458600747699 71.43240539789672
129.0 51.195193870117954 71.4026581427609
95.0 51.14441165463656 71.40242606554082
79.0 51.14441165463656 71.40242606554082
112.0 51.16773966189398 71.43151959789687
102.0 51.13451011185827 71.43250594022442
-58.0 51.16524209767409 71.40440081146333
82.0 51.14049254239837 71.48162909789568
99.0 51.14049254239837 71.48162909789568
105.0 51.14481034879727 71.4194642267314
100.0 51.12224608178855 71.40537446905941
88.0 51.124216948500646 71.42631422673048
100.0 51.14226921072826 71.47315389789576
153.0 51.20378551266593 71.39953356906291
87.0 51.1434574034953 71.46829822673136
111.0 51.16366476367637 71.44037939419943
145.0 51.14559363292031 71.46435251138935
91.0 51.18288020481104 71.4577040402265
100.0 51.16793258279651 71.40371006721274
162.0 51.15134221663797 71.41255639789615
113.0 51.1406069762258 71.48161836906016
97.0 51.1406069762258 71.48161836906016
92.0 51.14500554101468 71.41947495556693
94.0 51.168925945490486 71.40302876187845
85.0 51.168925945490486 71.40302876187845
100.0 51.16361639664644 71.43996472488358
109.0 51.17463676709687 71.4042465132392
124.0 51.15539706932128 71.50141526721214
85.0 51.155440822878205 71.48959505556738
86.0 51.15619080790338 71.43157579974498
118.0 51.14727957950353 71.45112091138941
83.0 51.1905196654577 71.40683691622725
218.0 51.189304638516695 71.40813082488465
164.0 51.20347806819957 71.43963703851573
65.0 51.1523992 71.5060932
94.0 51.2004104 71.3891108
97.0 51.1840527 71.4501613
166.0 51.1688591 71.4227844
91.0 51.1634915 71.4381102
144.0 51.1886634 71.4500198
170.0 51.172802 71.4027324
119.0 51.1210014 71.4315906
102.0 43.2556675 76.8049533
110.0 51.172802 71.4027324
59.0 51.189153 71.4058684
102.0 51.1143335 71.4267975
83.0 51.1699856 71.3994668
102.0 51.1616817 71.4495461
95.0 51.1717402 71.4125404
91.0 51.19355 71.475471
99.0 51.1616817 71.4495461
100.0 51.1423033 71.4356942
126.0 51.172802 71.4027324
102.0 51.1449382 71.3997623
199.0 51.1866603 71.494924
126.0 51.1914015 71.4358989
112.0 51.1610979 71.4713774
95.0 51.1471147 71.4623973
65.0 51.1451866 71.451481
143.0 51.147862 71.3393068
97.0 51.1518846 71.5050713
174.0 51.2070576 71.4005532
79.0 51.1764045 71.4729632
100.0 51.1793278 71.4663609
92.0 51.1682867 71.4469077
100.0 51.1616817 71.4495461
102.0 51.1143335 71.4267975
161.0 51.1661528 71.4117412
87.0 51.1393674 71.5191803
105.0 51.1210014 71.4315906
105.0 51.1597164 71.406158
215.0 51.1210014 71.4315906
106.0 51.1210014 71.4315906
88.0 51.1616817 71.4495461
99.0 51.1616817 71.4495461
-364.0 51.1798972 71.3785208
122.0 51.1824919 71.3738193
94.0 51.1745946 71.4004484
103.0 51.1606737 71.4164045
80.0 51.1459888 71.4498505
63.0 51.1798276 71.4091842
97.0 51.1959962 71.4719196
87.0 51.1637395 71.4678148
141.0 51.1905354 71.3944585
138.0 51.1449216 71.399792
96.0 51.1451094 71.3979381
94.0 51.170794 71.4022131
140.0 51.1439906 71.4041497
125.0 51.1608056 71.4220461
83.0 51.1973321 71.4185434
125.0 51.1709993 71.4466308
79.0 51.1899595 71.476148
96.0 51.1892219 71.4673326
89.0 51.1814135 71.4046644
-124.0 51.1685886 71.4701178
91.0 51.1662591 71.4051639
97.0 51.1686528 71.4341692
111.0 51.162199 71.4370234
93.0 51.162199 71.4370234
98.0 51.140333 71.4104669
113.0 51.1587587 71.4076686
94.0 51.1444405 71.4077015
85.0 51.1686544 71.4448267
98.0 51.129165 71.4348964
99.0 51.1819722 71.4592094
124.0 51.1185093 71.462715
85.0 51.1300831 71.4361788
90.0 51.1712993 71.4493855
88.0 51.1681018 71.3990899
87.0 51.1705977 71.4225248
103.0 51.1606385 71.4901133
132.0 51.1198648 71.4060784
90.0 51.145096 71.3999729
128.0 51.1183788 71.4120501
93.0 51.1194545 71.4527858
89.0 51.1425391 71.4710085
98.0 51.1788081 71.3741679
88.0 51.1552153 71.4970164
86.0 51.1512672 71.4774327
82.0 51.2046939 71.3954793
74.0 51.1659516 71.423721
85.0 51.1798687 71.4241084
88.0 51.1523093 71.4399249
91.0 51.1539918 71.4912769
90.0 51.1800372 71.4071215
89.0 51.1764014 71.4005168
92.0 51.1590733 71.4265158
90.0 51.1854187 71.4128326
85.0 51.1744813 71.4162955
85.0 51.1512672 71.4774327
90.0 51.167095 71.4582996
89.0 51.1565925 71.4845304
89.0 51.1859217 71.4171545
85.0 51.1902775 71.407564
93.0 51.1487207 71.4550342
88.0 51.1656624 71.424772
75.0 51.1521709 71.4375691
78.0 51.1987019 71.3890996
89.0 51.1765736 71.4016085
91.0 51.1541052 71.4870279
93.0 51.1537581 71.4357309
91.0 51.1527883 71.4371616
87.0 51.1694276 71.4515219
87.0 51.1510485 71.4758099
98.0 51.1526505 71.4981312
85.0 51.1711226 71.4164476
91.0 51.1710664 71.4107521
87.0 51.1563743 71.4794517
88.0 51.1540981 71.4895691
94.0 51.1414801 71.4124717
93.0 51.1433399 71.4633738
-6.0 51.1990062 71.3892107
91.0 51.1577124 71.487148
88.0 51.177144 71.4053328
83.0 51.1533383 71.4761392
90.0 51.1440949 71.4702533
87.0 51.1723838 71.4206269
93.0 51.1625305 71.4702435
83.0 51.1680227 71.4302977
82.0 51.1509901 71.4732498
90.0 51.1537239 71.4433947
91.0 51.1456226 71.4695826
87.0 51.1582651 71.4727918
87.0 51.1556174 71.4727875
91.0 51.1761874 71.4076247
90.0 51.1589545 71.4711681
82.0 51.1575133 71.4371098
86.0 51.1679024 71.4293436
90.0 51.148525 71.4681046
87.0 51.1955191 71.3903018
87.0 51.1534591 71.5006578
103.0 51.169503 71.4342853
65.0 51.1530804 71.498114
88.0 51.1606675 71.4283713
94.0 51.1881147 71.4099513
92.0 51.1659999 71.4019988
90.0 51.1576893 71.4274178
96.0 51.1712301 71.4172311
91.0 51.1501093 71.4535046
87.0 51.1638261 71.4148963
86.0 51.1937837 71.4041282
106.0 51.1526504 71.4958352
116.0 51.156746 71.4855985
100.0 51.1797438 71.4288102
81.0 51.1712601 71.4188926
82.0 51.1669065 71.4228635
91.0 51.1684769 71.4013726
74.0 51.1860144 71.4016504
98.0 51.1520956 71.4643371
87.0 51.1793707 71.3890962
88.0 51.1640864 71.4136219
77.0 51.1929993 71.4034302
86.0 51.1845764 71.4113711